2.079
2.045
3.016
3.527
3.609
3.978
4.114
3.759
4.163
4.344
3.175
3.090
3.377
2.196
1.988
2.015
1.285
1.124
1.241
0.758
0.920
1.193
0.317
1.351
0.954
0.694
0.989
0.568
1.751
2.472
2.132
3.192
3.315
3.395
4.328
4.512
4.540
4.889
4.709
3.825
3.728
3.557
2.702
2.433
2.311
1.664
1.354
1.881
2.660
3.674
4.531
5.447
5.574
5.392
5.989
6.338
5.821
5.958
6.052
5.194
5.054
5.039
3.974
3.727
3.988
3.687
3.602
4.485
5.570
5.961
6.719
7.864
8.104
8.188
9.035
8.673
8.596
9.112
8.633
7.909
7.727
7.142
6.383
6.332
5.467
4.453
3.932
3.107
2.091
1.998
1.754
1.385
2.480
2.752
3.609
3.489
3.672
3.976
4.990
4.543
4.328
4.598
4.003
4.104
3.628
2.921
2.738
2.866
2.464
3.268
3.487
4.040
5.308
5.349
5.540
6.723
6.831
6.345
7.418
7.829
6.997
7.471
7.505
7.135
7.450
7.425
7.208
7.014
6.143
5.923
5.844
5.338
4.946
5.188
4.670
3.927
3.859
3.363
1.962
1.943
2.488
1.961
1.584
1.930
2.117
2.048
1.349
1.139
0.657
0.785
0.290
0.949
1.505
0.938
1.547
2.404
2.630
2.828
3.509
3.183
3.548
3.734
2.921
2.250
2.347
1.902
1.065
1.057
0.435
0.900
1.032
1.290
1.775
1.673
1.749
2.682
2.959
2.421
2.974
3.510
3.238
3.284
2.973
2.227
2.406
2.276
1.926
1.790
1.853
1.454
1.385
1.854
1.706
2.291
2.337
2.197
2.702
2.642
2.137
2.692
