3.947
2.963
1.534
3.945
2.295
3.421
4.253
1.215
3.671
2.650
1.403
2.408
2.334
2.255
1.131
4.562
3.218
2.326
3.060
1.175
2.405
0.920
0.474
0.775
1.370
1.659
0.790
1.366
1.072
1.613
0.755
1.208
1.185
0.806
1.605
0.725
1.974
0.981
0.229
1.325
2.141
0.963
1.773
0.798
1.617
0.809
1.352
1.598
0.990
1.658
2.181
2.564
2.079
1.622
2.365
1.195
1.599
1.595
2.354
2.292
3.317
3.429
2.014
2.511
1.993
2.045
2.066
1.139
0.969
0.357
2.195
2.026
1.766
2.431
2.097
3.092
1.739
2.919
3.481
1.983
3.987
4.009
4.525
5.275
4.073
5.831
4.673
3.269
4.396
3.649
1.700
3.369
1.313
2.362
0.918
1.510
4.074
3.871
3.183
1.257
1.368
0.730
0.812
1.127
0.528
0.838
0.709
0.869
0.127
0.403
0.959
1.384
0.422
1.587
1.572
2.272
3.189
1.596
1.837
2.399
1.130
1.579
1.433
0.755
1.904
1.899
0.119
1.426
0.392
2.014
3.181
0.496
2.511
1.816
1.153
2.036
1.557
2.123
1.753
2.154
1.994
1.354
2.882
1.916
1.979
3.156
1.261
2.226
2.889
0.839
2.072
1.849
2.298
3.408
0.511
3.692
2.664
1.837
2.924
0.780
1.751
1.113
2.385
1.291
1.984
1.791
0.962
1.916
1.960
1.383
0.854
0.865
1.475
1.793
1.447
2.507
1.623
1.918
2.184
1.733
2.872
0.658
1.379
0.890
1.571
1.128
1.152
1.613
0.327
2.097
1.837
0.879
1.354
0.462
1.086
1.332
2.053
0.612
0.986
1.234
