845.3
1294.8
1755.7
2308.1
4520.0
1582.7
1280.3
1196.2
1334.6
1236.2
1074.0
635.3
525.7
733.7
519.5
476.9
 26.5
-362.5
-443.7
-740.6
-797.5
-1009.4
-1101.0
-886.1
-897.1
-733.2
-619.1
-343.2
179.9
372.5
597.6
501.6
314.3
258.6
  9.0
-113.7
-286.2
-441.6
-208.3
-64.1
251.0
384.8
385.6
473.9
382.6
386.5
325.8
314.3
501.9
620.4
856.4
957.5
949.4
887.3
674.3
395.4
-23.0
-471.2
-709.5
-802.1
-775.6
-812.6
-804.2
-824.1
-873.3
-834.7
-866.8
-849.9
-800.3
-683.7
-255.3
288.1
748.6
1080.0
1193.2
1263.9
1267.4
1239.0
1207.2
1117.1
910.5
504.5
 45.2
-361.2
-656.4
-776.6
-841.4
-897.0
-905.3
-887.1
-846.6
-759.9
-572.3
-133.7
237.6
412.9
506.2
408.1
238.2
 76.3
-175.6
-369.8
-598.4
-706.5
-783.0
-793.6
-786.2
-776.6
-750.4
-672.2
-450.4
 -4.8
423.0
785.7
1026.3
1113.3
1149.4
1145.5
1117.6
1058.6
935.1
807.7
657.9
526.1
497.4
559.3
697.9
887.8
1029.3
1076.3
1087.5
1086.3
981.3
744.5
399.4
-83.7
-513.0
-719.1
-772.3
-791.2
-767.8
-636.6
-432.4
-174.6
 67.5
142.4
122.2
-87.6
-444.2
-691.3
-790.2
-812.4
-839.3
-810.7
-793.3
-772.7
-684.8
-642.6
-606.3
-620.9
-683.3
-701.8
-750.3
-759.1
-765.4
-776.3
-709.2
-565.7
-281.2
142.9
436.1
684.4
878.9
919.6
924.7
823.3
649.9
462.4
197.9
 28.3
-156.6
-232.9
-233.6
-222.2
-151.5
-171.0
-167.8
-117.2
-79.7
 78.4
258.5
444.9
638.0
771.5
849.1
831.2
789.1
687.9
585.6
457.3
357.0
257.8
223.8
192.5
217.9
220.6
156.3
120.4
 39.1
-36.1
-187.0
-398.6
-524.1
-641.2
-674.7
-746.0
-746.3
-773.5
-782.3
-783.7
-818.3
-809.5
-826.4
-827.0
-820.8
-844.8
-834.1
-839.0
-835.2
-813.0
-821.8
-786.8
-748.5
-656.4
-543.9
-359.1
-210.0
-72.2
 35.3
 65.5
104.3
130.0
173.5
248.0
318.8
409.0
484.0
554.6
636.9
652.8
654.5
591.7
508.5
414.6
273.9
212.5
 26.2
179.8
286.8
467.1
563.8
653.6
739.1
734.9
779.5
755.5
702.9
659.1
558.5
521.3
442.1
392.5
364.9
247.8
178.1
 73.1
-79.8
-147.3
-284.7
-310.1
-345.5
-355.0
-349.5
-361.3
-345.8
-293.4
-291.3
-257.8
-227.1
-169.4
-103.2
-67.7
 41.0
 92.3
173.2
263.8
290.8
348.1
326.2
352.9
365.8
308.9
302.7
250.7
228.4
222.0
170.2
169.0
154.5
150.3
171.4
133.5
156.4
127.2
154.1
160.7
128.5
138.4
123.9
123.5
180.7
161.9
178.2
191.8
214.8
276.3
271.6
321.9
329.2
334.9
376.5
374.2
378.2
386.2
364.5
355.6
321.1
298.4
299.7
255.8
231.2
190.2
134.1
 53.9
-57.5
-118.9
-261.4
-365.1
-476.0
-573.9
-624.4
-656.3
-680.2
-667.7
-661.3
-635.8
-592.7
-511.5
-413.5
-346.5
-254.8
-192.0
-112.4
-10.8
 85.7
212.0
340.4
454.1
570.8
634.5
642.7
648.4
573.1
499.9
371.7
178.5
 -5.9
-213.9
-370.6
-507.5
-585.0
-587.8
-580.9
-532.3
-470.9
-356.6
-238.4
-129.4
 11.3
 61.9
142.3
137.0
 84.5
 -3.5
-113.5
-215.1
-266.3
-302.7
-330.2
-387.9
-414.6
-420.0
-436.8
-391.9
-365.9
-298.5
-229.3
-198.8
-152.3
-152.2
-110.8
-39.5
 47.6
198.7
319.3
438.1
526.8
580.4
611.0
586.0
557.5
514.4
429.7
389.2
321.3
295.8
244.6
144.9
137.6
 52.2
 35.8
-14.7
-57.6
-43.8
-94.9
-52.5
-26.7
-50.3
  5.9
 10.0
 87.5
107.3
111.0
157.8
133.8
194.5
193.1
154.1
164.7
129.8
154.8
163.7
120.4
129.8
 98.0
 94.0
131.5
 79.9
 75.7
 51.9
 82.1
 92.8
 73.5
 91.1
 56.4
 83.4
128.7
 90.5
 91.0
 84.8
 76.8
 85.3
 37.8
 41.8
 32.5
 43.9
 65.5
 14.8
 37.3
 19.1
 26.2
 46.2
  4.1
 18.1
 10.1
 14.8
 19.0
 -4.4
 -3.8
-29.5
-56.8
-58.2
-61.5
-58.8
-72.0
-93.0
-113.8
-130.2
-130.8
-133.4
-140.2
-122.0
-131.1
-108.5
-92.0
-118.1
-69.4
-71.5
-42.6
-36.7
-26.5
-14.0
-74.4
-65.7
-79.8
 35.3
-45.4
 55.7
 44.7
 51.0
157.3
 93.5
189.1
209.9
184.9
267.5
232.8
305.2
307.2
308.6
363.0
305.1
365.4
363.9
321.6
387.9
330.3
361.1
361.3
308.9
351.1
305.4
323.0
312.1
244.8
281.5
231.4
244.2
240.3
194.5
205.1
165.5
170.7
150.0
 71.5
 99.5
 62.5
 87.4
 68.9
  3.4
 32.2
  8.4
 24.6
  1.6
-31.4
-32.7
-50.9
-34.7
-55.5
-58.7
-55.4
-70.8
-76.4
-78.8
-89.7
-103.0
-99.9
-122.2
-120.7
-144.4
-139.9
-139.7
-161.8
-170.4
-174.3
-179.2
-167.2
-189.6
-199.5
-199.4
-201.2
-207.2
-196.1
-212.7
-192.1
-210.1
-201.8
-200.8
-216.6
-193.6
-201.9
-180.0
-179.4
-199.4
-185.2
-184.5
-155.5
-161.9
-186.2
-140.4
-143.5
-136.7
-112.0
-142.9
-122.0
-126.0
-111.9
-71.0
-125.4
-87.6
-95.3
-60.0
-39.1
-70.1
-37.9
-39.9
 -1.0
 -1.5
-14.4
-11.3
-10.7
  4.2
  4.1
-14.2
 -4.9
 15.4
  3.7
 16.9
 -1.5
 10.9
 32.7
 43.7
 35.2
 22.3
 45.8
 54.1
 74.3
 72.6
 66.6
 74.1
 76.2
 72.7
 85.9
 74.4
 66.2
 54.6
 58.8
 55.1
 42.5
 61.6
 34.2
 16.0
 10.2
 18.0
  9.5
  8.7
  5.4
 19.0
  8.8
 -4.8
  5.5
 15.0
  7.5
 15.5
 41.5
 44.3
 26.5
 44.7
 58.3
 60.3
 73.1
 78.6
 71.7
 85.3
 97.7
 80.9
 82.9
 76.5
 79.1
 96.0
 79.5
 89.1
100.2
 89.2
 99.9
 84.8
 87.9
 71.1
 90.3
 94.8
 76.7
 82.6
 62.8
 45.3
 86.0
 74.8
 82.9
 53.9
 44.9
 71.2
 31.1
 33.4
 30.9
 34.4
 24.1
 20.7
 26.5
 10.8
 27.9
 22.9
  2.3
 25.5
 -1.3
  2.5
 -2.8
-28.1
-19.1
-24.8
-26.0
 -7.2
-32.2
-28.5
-23.9
-33.9
-22.0
-28.9
-30.6
-48.5
-45.5
-28.5
-61.1
-31.7
-24.2
-44.2
-46.7
-58.6
-40.4
-24.9
-44.9
-25.4
-44.5
-31.4
-36.3
-38.7
  0.7
-42.1
-21.3
 -6.8
-20.6
  5.4
-17.9
 13.5
 11.4
  2.8
 13.4
-15.3
 27.8
 38.3
 -5.8
-91.9
-32.5
-40.9
-60.9
  2.5
-50.9
-21.8
-32.7
-23.3
  2.8
-41.1
 -5.4
  9.1
-18.3
 30.1
-20.9
 -1.6
 21.8
 -4.1
 28.2
 -7.3
 32.6
 34.9
 14.0
 38.0
 10.2
 44.3
 66.0
 14.5
 37.7
 15.4
 43.0
 49.1
 32.6
 29.8
 20.4
 52.2
 46.0
 31.7
 24.5
 33.4
 56.4
 49.3
 32.9
 31.0
 28.2
 50.7
 56.5
 47.5
 33.6
 41.6
 50.1
 43.9
 48.1
 29.6
 48.3
 54.5
 20.4
 37.1
 21.1
 33.7
 28.2
 17.6
  9.5
  8.5
 23.2
 16.8
 10.0
 23.9
 16.3
 29.7
 15.6
 17.6
 22.0
 14.5
 22.3
 15.1
  7.8
  1.8
 -6.3
 -6.8
  7.9
 -3.2
 10.7
  9.3
 14.0
 -0.0
-10.3
 -0.7
-26.1
-31.8
 -0.6
-20.4
-16.0
-23.4
-18.7
  2.3
-16.3
 -4.4
-19.7
  9.1
 -6.7
-17.2
 -5.7
 -7.9
  0.8
 -6.9
-21.0
 -3.1
-21.5
-13.0
-25.3
-31.2
-18.8
-26.8
-26.1
-45.7
-45.7
-27.7
-25.1
-41.5
-39.1
-39.4
-41.2
-16.2
-11.0
-34.4
-25.6
-49.5
-15.0
-31.4
-38.3
-46.2
-26.3
-25.8
-23.4
-19.6
-26.5
 -9.5
 -8.3
-12.0
 -3.1
 -9.1
  3.9
  7.5
 -9.5
  3.0
  5.9
  2.0
  4.0
 -2.4
  0.5
 12.0
 27.9
 -8.1
 -8.3
 -1.6
  4.4
 22.5
  4.5
  4.9
 -4.2
 18.4
 42.0
 44.3
 19.9
 14.6
 37.2
 41.9
 52.5
 30.8
 22.4
 42.4
 47.5
 39.9
 20.0
 33.9
 30.9
 49.4
 25.0
 30.7
  6.8
 27.7
 48.0
 15.2
 18.7
 -7.9
 16.5
 41.4
 15.8
  0.8
 -1.4
 23.4
 62.9
 14.8
 21.8
 -1.5
 21.8
 27.7
  3.9
 -3.2
 -6.3
 -7.6
 12.2
 -6.9
-17.8
-21.2
-10.1
 25.9
 -2.5
  7.9
-20.7
 -6.9
  8.9
-14.3
  0.1
-13.7
-17.4
 -2.9
-29.7
 -8.8
-13.9
-20.9
  1.2
-30.2
-17.6
 -7.8
-17.4
 -4.3
-31.7
 -7.8
-14.9
-27.8
  3.8
-25.3
-19.9
 -2.3
-34.7
 -5.1
-26.4
 16.0
 -9.0
-18.1
 -1.6
-28.8
  1.5
-12.5
-49.3
  2.0
-33.8
-40.3
-20.8
-43.5
-15.7
-43.6
 13.0
-25.2
 62.8
-27.8
 40.2
 15.6
-20.9
 42.2
-22.9
 31.2
 20.5
-21.7
 55.1
-16.6
 41.8
 22.2
-32.3
 47.6
 -6.2
 46.9
 44.3
-23.4
 40.7
 -5.9
 37.1
 19.8
-30.3
 16.7
 -1.5
 32.9
 16.1
-30.1
  9.3
 -1.5
  1.5
  5.6
-38.2
-20.0
-30.0
 -9.8
 -7.9
-41.8
-33.2
-10.4
-16.9
-15.7
-42.6
-26.8
-27.0
-11.1
 -8.8
-16.0
-15.9
-10.9
 -4.7
-12.1
-11.6
-31.7
 -8.9
  0.0
-17.7
-16.0
-33.0
-13.5
 -3.0
-18.9
-17.3
-32.7
-24.5
-24.7
-33.4
-18.0
-34.1
-21.0
-22.8
-33.6
-21.8
-40.8
-20.2
 -0.6
-19.1
-11.3
-27.8
-18.5
  5.1
-41.7
-21.8
-40.3
-10.2
-13.7
-55.8
-42.6
-29.7
 -8.5
 14.4
-20.7
 -4.1
 15.2
  8.7
 17.7
-11.5
  0.3
-21.3
-10.6
 12.8
-25.1
 -5.2
-16.9
  4.9
 22.7
-22.7
 -4.6
 14.0
-11.6
  1.2
-13.1
-19.5
 -3.7
 -1.5
 15.0
  0.7
 -4.9
 -3.4
  6.2
 11.3
 -4.2
  2.2
  9.2
 -0.5
 12.5
 -5.5
  1.7
 -2.4
 -3.2
 -0.6
  0.8
 -5.4
 -2.9
 -1.4
  8.3
 -6.1
 17.3
 16.8
 -1.3
  4.8
-11.0
  0.8
  6.2
-12.0
 -7.9
-29.2
 -5.6
-14.1
-29.5
-14.7
 -0.6
 -3.7
-16.2
-13.7
 -1.6
  4.0
-11.8
-11.8
-11.1
 -8.8
  1.1
 -4.4
 -4.3
-12.4
 -8.2
-24.1
 11.3
  7.3
-26.4
 -4.4
 -4.0
  0.3
  1.7
-19.7
-26.8
 -2.6
 13.2
-10.9
  4.4
 -7.0
-27.1
 22.1
 -3.6
 10.4
  7.1
  5.8
 23.2
 15.2
 17.6
 16.4
 27.3
 58.1
 11.6
 29.4
 21.2
 32.8
 42.6
 26.8
 44.5
 45.1
 39.4
 48.5
 16.7
 29.7
 19.3
 25.8
 23.9
  3.0
 31.1
 -0.6
-19.2
 13.9
-31.1
-18.5
-20.3
-36.9
  2.5
-67.7
-28.1
-30.0
-45.5
-33.0
-77.1
-35.9
-35.0
-66.0
-40.8
-79.0
-50.5
-35.0
-62.1
-28.8
-71.5
-34.1
-24.5
-63.3
-45.0
-65.8
-39.1
-25.1
-66.6
-42.0
-68.1
-48.8
-23.1
-48.3
-38.7
-38.8
-36.8
-14.3
-45.3
 64.3
115.2
 89.2
 21.4
 66.6
-22.9
 -2.9
  2.3
-44.0
 13.5
-40.4
 13.8
 34.8
-21.6
 49.3
  2.2
 48.6
 55.9
 -2.2
 60.2
 18.0
 21.3
 29.5
-15.0
 19.1
 -4.0
  7.7
 25.7
 -8.8
 27.9
  8.3
 43.8
 32.3
  4.0
 26.9
 32.0
 51.0
 53.0
 11.9
 24.2
 31.7
  9.7
 16.7
  0.5
  5.3
 -0.3
  2.0
  7.1
 -4.9
 -6.9
-15.9
 -8.9
 -8.3
-22.6
-39.0
-24.5
-20.1
-24.4
-32.5
-40.1
-30.8
-13.4
-23.6
 -3.8
-35.9
-25.8
-11.2
-44.7
 -4.2
-46.3
-32.8
-12.5
-20.4
-16.3
-31.9
-21.2
-10.3
-47.6
 -9.0
-35.2
-27.6
  4.3
-25.5
 -9.7
-30.7
-22.9
 -3.9
-27.9
-16.5
-38.0
-25.7
-23.4
-36.9
-12.6
-27.3
-33.3
-24.8
-47.3
-18.3
-31.1
-45.4
-42.3
-44.7
-45.9
-34.3
-47.0
-28.3
-41.8
-25.2
-32.3
-43.5
-29.3
-42.6
-32.1
-29.4
-52.6
-31.9
-42.8
-22.8
-22.4
-17.3
-10.6
-36.1
 -4.9
 -0.3
-13.3
  8.5
 -1.8
 -2.8
 -2.2
-15.1
-10.8
-26.2
 -5.0
-18.5
 -8.2
 -7.5
-25.2
-17.9
-23.1
-47.9
-21.5
-34.2
-20.9
-23.1
-46.1
-50.6
-29.4
-18.0
-16.7
-50.5
-25.8
-10.1
 -6.7
 -4.9
-36.1
-35.0
-29.5
-14.4
-16.6
-51.1
-23.3
-44.6
-27.3
-21.0
-44.9
-68.3
-42.1
-29.5
-48.0
-47.9
-61.6
-50.4
-21.3
-35.8
-39.4
-54.9
-48.4
-32.9
-21.0
-39.0
-37.5
-39.0
  2.3
-38.6
-32.8
-30.6
-28.9
  2.7
-30.4
-25.6
-23.6
-25.9
 -1.2
-25.1
-24.8
-33.9
-27.2
  4.7
 -5.3
  4.0
-11.9
-24.4
  4.7
-21.0
-20.2
-22.0
-22.2
 -4.2
-13.8
-19.4
-23.6
-21.4
-11.7
-21.2
-21.2
-22.3
-24.1
-10.5
-47.0
-24.8
-17.4
-38.9
 -4.0
-30.0
-22.8
-16.3
-51.8
-10.2
-27.0
-17.0
-21.7
-56.7
-11.7
-44.8
-10.2
-17.1
-19.7
  1.7
-35.4
 -8.2
 23.1
-20.9
 -7.2
-36.1
 -5.2
 29.0
-17.8
 -0.5
-17.2
 -6.3
 24.7
 -1.5
 13.7
-13.6
 14.0
-16.1
 66.7
-10.6
 47.1
 33.8
-33.6
 41.7
-17.8
 29.0
 31.9
-44.3
 33.2
-17.8
 26.6
 28.3
-43.2
 32.0
-27.4
 18.7
 13.2
-34.1
  9.7
-26.9
 -1.5
 22.4
-30.7
-17.3
-23.2
-23.7
 -7.7
-55.9
-15.4
-38.2
-19.4
 -8.6
-34.4
-25.1
-31.2
-32.8
-15.2
-52.5
-38.2
-29.2
-31.4
-28.8
-52.2
-31.1
-15.8
-27.0
-34.3
-47.7
-33.3
-28.8
-40.6
-15.7
-45.3
-37.9
-18.1
-17.7
-40.3
-27.7
-39.8
-42.9
-11.7
-51.8
-25.8
-41.7
-27.3
-12.4
-15.3
-19.2
-36.3
-30.4
-41.6
-48.4
-20.1
-24.9
-21.0
 -1.0
-32.1
-17.2
-31.2
-35.2
-34.4
-40.5
 -8.3
  2.1
 -3.4
  5.4
-23.7
-12.6
-21.3
  5.2
  6.8
 -0.9
 -2.8
  9.7
  4.7
  9.3
 -6.1
 -8.3
 -7.9
 -1.7
-12.2
-20.7
-20.8
-15.8
 -3.1
  5.7
-19.4
-10.1
-11.8
-18.2
 -9.1
-28.3
-28.6
 -7.9
-10.0
-10.4
-27.1
-33.1
-13.3
-22.9
-10.2
-33.3
-16.0
-22.4
-17.5
 -0.2
-13.5
-22.9
-23.3
-13.4
 -7.1
-38.1
-36.5
-46.9
-44.7
-50.2
-37.0
-31.3
-52.4
-53.8
-65.8
-42.0
-46.1
-49.1
-55.4
-60.4
-46.6
-54.2
-56.9
-66.7
-68.5
-47.2
-48.0
-47.2
-58.2
-54.6
-43.9
-45.7
-58.6
-71.0
-61.6
-60.7
-52.1
-50.6
-67.1
-60.2
-54.3
-44.3
-51.6
-54.5
-64.2
-62.9
-58.7
-58.2
-60.3
-70.4
-74.4
-56.1
-57.1
-51.2
-67.3
-49.9
-39.3
-65.7
-40.1
-61.4
-41.1
-34.9
-64.5
-40.7
-53.8
-51.4
-39.4
-54.8
-36.2
-30.8
-19.6
-19.8
-47.8
-31.4
-22.3
-18.0
 -8.6
-20.8
-20.1
 -9.9
-25.1
 -1.8
 -6.9
 14.8
  2.5
 -9.3
 -3.8
-12.6
  9.7
 -8.0
 -3.2
  5.8
 -6.4
  8.5
 26.2
  2.2
 17.6
-12.8
  7.1
 26.4
 -3.0
  9.7
 -4.7
 12.9
 47.5
  8.8
 30.0
  4.2
 35.5
 48.3
 34.0
 37.2
 30.9
 66.8
 93.7
 59.6
 84.4
 53.8
 70.4
 85.6
 42.2
 38.8
  5.6
 31.4
 50.3
 35.8
 48.9
-531.4
-546.3
-517.1
-364.4
-320.3
-103.4
 28.8
 76.8
217.6
195.6
276.5
286.7
200.1
216.9
102.2
111.1
 72.1
-22.2
-36.5
-106.4
-83.7
-88.9
-121.3
-87.2
-125.3
-77.6
-70.5
-86.3
-29.3
-81.4
-16.5
 23.3
 37.1
 71.2
 52.5
 96.3
126.3
123.5
117.3
106.8
120.3
133.3
118.4
107.3
 92.9
 85.1
 83.8
 98.6
 96.0
 75.9
 69.2
 75.2
 69.4
 48.5
 46.6
 51.0
 26.8
 49.0
 36.7
 25.8
 17.0
 12.8
 10.8
  4.3
-16.0
 -2.8
-13.1
  4.9
 -9.2
  0.5
  6.1
-10.2
  3.9
  0.0
 10.4
 11.6
-17.1
 -0.2
 16.3
 27.3
 17.7
  6.6
 18.8
 40.2
 36.1
 52.2
  7.5
 34.2
 36.8
 24.4
 24.0
  8.0
  2.2
 22.8
 13.5
  7.8
 -4.8
  2.0
 15.5
  9.7
  0.8
-12.0
 -1.0
-11.3
-18.4
-35.1
-64.8
-68.6
-50.3
-64.0
-71.0
-111.4
-116.0
-94.4
-126.8
-120.2
-136.1
-123.0
-136.1
-138.9
-127.8
-134.8
-125.2
-119.0
-110.6
-104.2
-96.6
-34.1
-24.8
 -1.0
 41.5
 63.6
119.0
139.4
181.8
246.4
259.2
316.5
344.6
380.4
412.9
413.3
440.8
442.8
429.5
432.6
413.9
394.6
358.7
312.3
252.7
203.1
164.4
 97.6
 10.0
-32.7
-91.3
-128.6
-178.4
-241.9
-263.4
-302.5
-326.3
-372.0
-397.4
-400.3
-421.0
-387.2
-395.4
-422.5
-415.1
-413.3
-376.5
-374.4
-364.0
-346.3
-340.6
-286.0
-282.8
-264.4
-235.6
-230.1
-221.1
-200.9
-191.1
-194.2
-173.9
-155.5
-139.0
-128.3
-136.9
-111.5
-101.4
-74.5
-62.0
-31.3
-25.4
 10.6
 -5.4
  4.4
  7.7
 16.7
 27.7
 37.0
 32.1
 55.2
 37.9
 78.4
 70.3
 84.3
 70.1
 61.6
 65.3
 63.0
 53.5
 53.7
 35.4
 55.3
 10.2
 14.5
 22.3
 -4.1
 -5.5
 -2.0
 22.3
 41.6
 43.0
 62.5
 51.1
 68.1
 61.8
 53.5
 70.4
 49.9
 74.6
 84.3
 72.6
 80.3
 62.8
 96.0
 98.8
 61.8
 85.6
 54.1
 51.3
 94.2
 57.0
 43.7
 28.8
 22.7
 34.1
  8.1
 17.8
-23.6
-21.3
 10.3
  4.2
-82.8
-37.6
-43.8
-153.5
-87.9
-152.5
-137.7
-142.0
-230.7
-203.1
-237.8
-228.8
-218.9
-294.4
-272.7
-294.3
-276.9
-262.0
-310.4
-276.3
-286.6
-270.8
-255.2
-298.1
-286.7
-304.1
-280.1
-264.9
-325.0
-297.3
-288.7
-313.4
-270.9
-288.8
-247.6
-228.5
-209.0
-170.5
-164.2
-125.5
-101.7
-86.9
-39.8
-26.6
 15.7
 17.8
 10.4
 19.3
 10.9
 20.0
 22.7
 12.6
 10.0
 -8.2
-34.6
-40.4
-59.8
-92.5
-105.0
-94.1
-84.1
-94.6
-74.7
-68.8
 -3.6
 56.4
 84.7
128.5
191.6
236.2
271.2
275.8
247.1
212.1
206.8
136.2
107.6
 17.2
  5.0
-42.7
-77.8
-108.3
-140.7
-142.4
-150.0
-151.3
-132.6
-175.3
-128.7
-118.4
-126.6
-72.1
-100.7
-59.1
-25.7
 -5.2
 23.3
 14.7
 48.1
 72.1
 66.6
 84.4
 54.3
 49.6
 39.3
 18.7
 16.5
 -1.3
 30.7
 43.9
 55.3
107.9
126.5
140.5
199.5
204.7
204.2
216.5
244.8
228.6
203.6
195.7
151.0
117.7
 65.8
 18.0
-43.8
-98.0
-146.4
-175.5
-196.7
-214.0
-229.0
-196.0
-179.1
-172.6
-113.1
-74.5
-31.2
-28.5
 -1.9
 13.7
 65.1
 43.5
 65.7
 60.4
 59.2
 77.4
 71.1
 52.2
 36.8
 10.9
-20.3
-20.8
-57.7
-93.3
-117.2
-116.4
-120.0
-180.6
-156.2
-189.7
-181.5
-147.3
-184.7
-174.9
-192.3
-182.2
-178.5
-213.4
-175.7
-188.2
-178.4
-164.0
-189.3
-164.9
-152.1
-131.3
-116.7
-136.1
-118.3
-120.5
-111.5
-113.2
-115.7
-93.3
-84.8
-77.9
-57.6
-71.3
-40.7
-40.8
-21.6
-15.6
-29.5
 -1.8
 -0.9
 -6.6
 23.3
  8.2
 32.8
 52.9
 44.8
 84.2
 76.7
 96.8
105.7
103.1
122.8
 78.6
110.8
126.2
118.0
131.1
105.3
111.3
124.0
119.6
112.8
113.4
108.9
116.8
 85.7
 68.3
 34.2
 13.2
  5.4
-20.7
-39.1
-64.1
-66.0
-39.8
-70.2
-83.5
-90.6
-102.6
-87.4
-87.2
-87.9
-93.5
-106.3
-56.4
-69.1
-55.7
-79.0
-49.2
-24.5
-32.7
-17.3
-35.3
-11.2
 24.2
  7.6
 33.8
  6.6
 11.5
-56.5
 89.9
105.3
243.7
356.8
358.3
449.2
424.3
485.7
503.9
444.3
489.0
398.9
375.7
348.3
246.3
234.8
179.3
131.2
134.3
 52.5
 42.6
 -4.9
-57.1
-47.4
-136.7
-159.8
-172.6
-174.5
-123.9
-153.0
-119.1
-97.5
-70.6
  2.9
 13.6
 39.9
 55.3
 62.8
 76.2
 79.3
 93.6
 83.7
 81.2
 66.8
 65.5
 56.3
 35.3
  5.6
 -2.7
-17.8
-33.9
-13.5
-31.7
-33.6
-39.8
-60.0
-45.5
-56.0
-79.0
-69.0
-68.5
-95.8
-84.0
-101.3
-73.9
-62.4
-55.7
-68.4
-106.8
-80.5
-92.1
-91.2
-101.6
-109.2
-82.2
-73.5
-62.7
-51.7
-65.9
-39.4
-37.2
-50.8
-57.6
-47.1
-12.2
  2.3
  4.9
 19.7
  9.8
 33.9
 49.9
 54.5
 82.1
 73.6
 61.1
 80.4
 73.8
102.9
107.8
130.8
135.5
116.1
135.8
122.2
128.9
130.3
110.4
134.9
121.7
124.5
139.8
120.0
128.3
121.1
120.1
108.3
 78.7
 82.0
 69.1
 89.1
 83.9
 67.3
106.7
106.3
111.1
125.6
 82.2
120.8
128.6
142.4
146.2
121.6
127.1
131.2
140.7
126.8
123.6
128.3
144.9
156.0
154.1
122.4
122.1
136.6
144.1
148.5
122.9
114.2
103.7
134.3
123.1
 84.1
 69.7
 50.5
 56.4
 22.0
 10.1
-18.1
-24.1
-10.5
-43.9
-55.2
-72.0
-81.7
-76.3
-105.2
-114.4
-124.3
-119.3
-117.6
-143.2
-146.0
-146.8
-144.5
-164.5
-174.4
-172.7
-192.6
-176.9
-171.9
-187.0
-177.8
-195.0
-159.9
-172.1
-181.0
-174.8
-177.7
-187.7
-174.1
-171.1
-170.8
-163.3
-174.8
-151.6
-160.7
-152.4
-151.1
-185.2
-163.7
-156.5
-139.0
-136.9
-154.5
-135.6
-147.8
-137.5
-134.8
-132.5
-125.9
-135.7
-121.7
-124.8
-131.8
-110.2
-108.0
-100.7
-80.7
-111.2
-89.8
-97.1
-74.2
-42.9
-74.9
-51.2
-65.3
-47.0
-17.2
-49.7
-30.4
-37.6
-31.4
 13.4
-30.2
 -5.8
-15.9
  2.2
 31.1
-11.2
 31.2
  1.7
 28.3
 67.5
 18.2
 50.0
 27.9
 31.0
 77.3
 37.3
 56.2
 45.8
 67.8
 74.6
 33.2
