-394.7
-851.1
-1255.4
-1692.3
-3201.1
-1353.2
-991.9
-805.4
-760.9
-482.2
 20.5
521.3
538.9
 41.1
-247.8
-362.2
-88.5
283.2
539.8
862.1
882.7
678.1
367.3
-17.9
142.7
541.2
1039.0
1335.4
1355.9
1210.6
533.3
-161.4
-294.5
168.4
842.9
1168.1
1139.2
891.8
-15.7
-736.2
-928.5
-850.6
184.6
1180.7
1358.3
1068.0
-55.1
-902.3
-1028.3
-952.6
-1039.3
-481.2
586.1
997.3
724.2
-342.5
-695.4
-875.0
-869.6
-758.6
-753.8
-730.7
-861.8
-892.5
-663.3
 14.9
565.3
654.0
656.2
728.3
525.5
121.1
-571.6
-782.5
-685.5
-181.4
549.9
782.8
409.0
-165.2
-518.6
-232.1
282.0
438.2
127.3
-622.8
-844.7
-880.8
-895.0
-776.5
-465.4
-171.5
 66.1
251.9
533.4
826.1
888.3
768.1
240.7
-438.0
-700.5
-798.0
-774.2
-667.4
-199.2
154.5
 67.3
-374.1
-748.0
-837.9
-830.5
-845.9
-761.1
-606.1
-257.8
104.3
302.6
493.9
570.7
631.4
721.4
757.7
766.9
633.1
430.1
243.5
190.9
292.7
384.1
417.9
398.6
283.0
160.1
 34.1
-99.0
-247.6
-481.4
-658.3
-699.9
-730.6
-663.2
-582.2
-535.6
-537.7
-593.1
-477.5
-115.5
428.6
979.1
1130.5
1236.7
1277.8
1246.0
1242.0
1165.6
954.3
423.1
-129.4
-459.7
-512.2
-356.3
 58.4
570.5
989.8
1118.9
1164.6
1114.7
729.1
  8.8
-674.5
-828.8
-874.8
-917.9
-903.9
-856.0
-745.1
-338.4
326.8
709.9
806.1
689.4
415.2
-53.7
-494.2
-688.7
-734.3
-709.8
-694.8
-556.8
-174.4
256.6
660.1
876.5
1010.6
1049.8
1033.8
916.5
699.0
453.5
210.7
-10.5
-206.4
-393.3
-473.7
-461.8
-422.1
-351.7
-279.1
-190.3
-74.6
 35.1
121.4
123.6
127.3
126.9
121.3
124.1
157.6
164.0
182.2
228.8
270.1
299.4
314.1
300.6
283.5
277.0
257.8
251.3
237.5
204.6
180.4
129.6
 75.4
 14.2
-38.1
-119.3
-200.8
-302.0
-406.8
-493.1
-559.9
-608.7
-665.0
-680.1
-708.4
-711.8
-709.6
-704.5
-709.9
-729.2
-719.4
-714.5
-703.4
-688.8
-707.1
-92.7
-11.9
-76.0
-86.9
-168.2
-268.1
-287.8
-393.6
-335.3
-287.3
-166.2
 40.3
168.9
297.6
328.5
332.1
374.6
304.3
188.3
 39.1
-56.2
-93.3
-102.2
-37.2
 56.3
 55.0
-46.2
-204.8
-232.6
-182.2
-167.4
-229.3
-362.4
-550.6
-612.5
-597.0
-344.9
 96.7
431.6
586.8
537.2
375.5
194.7
 47.4
-58.6
-128.4
  5.2
 90.9
 75.7
243.3
404.9
419.3
368.8
216.0
116.7
 58.8
 39.4
 25.9
-109.1
-216.2
-186.8
-32.9
-21.8
-276.1
-517.7
-507.7
-230.1
-54.9
-203.5
-395.7
-391.2
-283.8
-437.6
-695.0
-647.3
-172.6
308.9
146.0
-210.1
 82.5
552.1
347.8
-165.4
 32.7
647.1
552.3
-208.2
-541.5
-142.8
116.2
-186.0
-410.7
-332.6
-287.0
-310.0
-212.2
183.9
199.1
-269.1
-631.9
-563.8
-57.2
337.2
327.9
171.2
 22.6
-135.0
-292.4
-113.1
257.4
487.4
292.4
-188.9
-202.3
311.6
670.8
599.9
208.8
-223.1
-376.6
-192.2
140.0
378.3
491.0
314.5
-71.0
-411.0
-548.6
-387.1
-40.4
124.6
 79.5
-78.0
-187.3
-159.0
 -4.5
121.7
157.4
134.3
 -5.6
-321.3
-502.9
-502.7
-350.4
-19.2
360.3
583.8
553.5
335.3
 46.0
-133.1
-104.1
 28.3
334.6
726.8
981.7
1039.5
938.4
724.7
387.8
 23.5
-76.2
 88.3
392.6
700.8
855.2
848.6
576.9
156.2
-264.2
-530.5
-440.3
 28.8
512.9
697.9
465.3
-29.7
-505.5
-653.7
-503.5
-92.3
325.7
449.3
215.7
-172.8
-560.9
-654.0
-615.1
-327.8
 75.2
269.1
268.9
 41.0
-281.7
-500.0
-548.9
-503.7
-356.3
-219.9
-93.0
 29.7
149.0
155.5
 66.4
-91.9
-184.0
-249.9
-286.3
-243.8
-84.3
 36.8
  2.6
-133.2
-399.4
-632.6
-657.8
-526.7
-161.9
248.3
497.8
502.4
299.8
 99.2
-91.3
-253.5
-258.2
-119.2
 85.3
302.6
433.9
360.8
193.1
 15.5
-187.3
-250.3
-77.6
182.6
379.1
476.6
524.2
444.6
319.0
305.8
251.6
251.2
245.5
159.7
 66.9
-49.3
-19.3
101.4
186.2
210.3
103.8
-59.1
-237.9
-263.1
-284.5
-257.0
-278.1
-357.4
-274.2
-268.7
-193.9
-111.2
-79.2
  6.9
 51.5
123.6
160.3
111.5
 71.1
 -1.9
-24.9
-82.5
-136.4
-77.9
-32.2
 22.9
 27.9
-26.3
-44.8
-79.7
-68.8
-66.2
-16.0
 81.8
176.8
248.7
260.1
244.9
222.3
174.2
201.3
238.8
258.9
250.6
238.9
212.3
125.0
 71.2
 19.8
 50.8
136.0
178.1
253.6
260.8
258.2
277.8
255.5
266.8
254.1
260.9
310.1
300.5
274.1
189.5
130.0
 79.3
 12.4
-27.9
-79.5
-133.5
-135.4
-198.8
-180.2
-159.7
-151.5
-133.4
-162.7
-155.6
-210.5
-243.3
-259.3
-283.8
-209.0
-151.1
-77.2
  6.1
 -9.2
-11.7
-69.3
-128.8
-142.5
-213.5
-223.4
-272.7
-249.9
-260.5
-305.5
-331.1
-352.5
-363.4
-348.8
-402.9
-362.1
-338.9
-301.3
-278.0
-273.2
-247.1
-208.7
-201.5
-212.8
-227.6
-259.7
-261.4
-268.0
-308.3
-307.1
-325.9
-272.0
-236.9
-208.8
-196.1
-159.1
-122.8
-92.8
-66.5
-47.5
-57.6
 -2.0
 28.7
 51.3
 83.7
123.0
161.4
189.6
196.0
180.8
151.7
136.9
117.8
 65.8
 38.2
  0.4
-21.1
-36.1
-48.4
-65.9
-27.0
-16.4
 -9.1
 28.0
 36.8
 43.3
 53.8
 71.0
 77.3
 89.2
 74.0
 74.9
 90.6
 99.9
 85.1
105.4
140.8
159.6
199.3
232.2
265.1
327.3
329.1
364.4
366.5
371.0
381.7
348.0
321.4
284.9
249.1
194.3
125.0
 73.0
  5.2
-38.2
-70.5
-126.3
-148.5
-155.9
-154.1
-133.8
-96.4
-64.8
-24.3
 26.3
 71.7
121.2
181.3
241.3
300.3
330.5
382.9
397.5
446.9
502.0
499.4
522.3
533.2
536.5
554.7
528.0
516.0
500.1
466.5
455.5
401.7
370.2
309.4
263.2
222.6
148.6
121.7
 68.2
 44.9
-16.2
-29.7
-77.8
-95.2
-126.5
-132.1
-159.7
-167.3
-184.7
-198.1
-186.6
-204.2
-210.6
-199.5
-214.6
-220.4
-232.1
-243.6
-228.0
-250.3
-250.9
-258.9
-267.3
-228.8
-214.2
-217.3
-208.7
-211.0
-193.7
-180.4
-177.1
-156.5
-156.5
-134.0
-115.0
-130.8
-101.0
 20.2
-14.2
-51.7
-131.1
-139.8
-147.0
-94.5
-114.7
-119.4
-138.4
-149.1
-195.4
-211.5
-226.5
-209.6
-202.2
-174.7
-164.6
-135.2
-100.2
-37.3
  3.1
 28.4
 54.4
 63.5
 77.5
 54.9
 54.2
 61.0
 63.1
 81.9
 92.6
101.6
 99.1
121.1
115.0
 95.7
 59.6
 23.3
 15.5
 -5.9
-27.1
-58.9
-69.0
-78.3
-81.9
-72.1
-102.5
-89.2
-56.5
-26.2
-20.0
 13.7
 37.5
 72.3
 87.9
114.1
112.9
130.3
157.6
164.5
179.7
160.2
137.4
148.2
120.3
114.6
 68.1
 58.8
 63.5
 55.2
 47.8
 22.4
 16.0
  7.3
  1.4
 -5.9
-19.3
-24.3
-16.6
-24.6
-16.4
-21.6
-31.0
-11.2
-20.4
-18.1
-20.7
-20.2
 -4.9
-28.4
-18.8
-31.3
-26.1
 -1.7
-18.3
-17.5
-19.0
-25.9
-17.5
-19.3
-26.1
-21.4
-10.0
 -1.2
 -7.2
 -6.1
-31.4
-35.6
-55.2
-51.1
-66.1
-41.1
-38.5
-48.6
-46.9
-33.0
-38.0
-33.6
-27.1
-34.7
-28.5
-18.7
-22.7
 -6.2
 -7.6
 -0.2
 -6.2
-12.0
-16.3
-10.7
 -4.7
 -4.3
-17.9
 -2.0
 -5.4
-13.0
 -5.9
 -0.9
-18.8
-16.0
-28.4
-12.5
-51.4
-38.2
-37.1
-20.1
-28.1
-33.7
-26.3
-41.4
-18.9
-41.5
-39.9
-35.3
-60.5
-43.9
-29.3
-37.6
-33.2
-60.9
-64.2
-52.5
-67.9
-65.1
-73.8
-67.4
-62.6
-76.5
-69.6
-82.1
-69.1
-62.8
-80.6
-85.0
-91.2
-77.0
-61.6
-79.0
-79.6
-77.7
-70.8
-63.6
-82.5
-77.1
-78.6
-38.0
-29.9
-56.8
-61.7
-55.6
-28.3
-23.5
-60.3
-35.7
-35.9
-17.1
 -7.5
-15.5
-33.4
-17.6
  6.7
  5.3
 -9.2
-20.6
 -8.1
 -1.9
-11.7
-10.7
 -3.4
 -6.9
 15.9
  7.7
  3.8
 -5.9
-10.1
  1.3
 -9.0
 -6.3
 -9.8
 -6.7
 -4.5
-11.1
-10.2
-15.8
-13.9
-18.1
-13.3
-18.2
-19.0
-13.2
 -1.7
-13.1
 -8.9
 -6.8
 -3.9
 -9.9
 -4.6
 10.4
  4.2
 -0.1
  9.0
 12.8
 -4.7
  5.2
  9.8
 22.5
 22.3
  6.5
 28.8
 43.9
 37.6
 32.2
 34.1
 48.6
 54.9
 35.4
  5.6
 -2.9
 -8.5
 13.2
  7.1
-14.5
-11.9
-37.5
-17.6
-25.2
-30.4
-25.8
-30.3
-14.5
 -8.0
-23.1
 -0.4
  4.4
 12.9
  6.0
 25.2
 30.0
 29.8
 15.8
 43.6
 52.7
 66.2
 55.8
 61.3
 58.0
 68.3
102.7
 82.4
106.2
106.2
124.7
124.7
110.6
127.7
123.4
126.0
125.3
116.8
124.5
125.4
128.4
115.3
116.5
115.5
109.8
 96.9
102.2
 94.5
 69.9
 56.8
 69.3
 67.3
 58.5
 50.5
 48.3
 63.9
 49.6
 47.7
 43.6
 36.7
 42.9
 34.1
 21.9
  8.0
  3.1
  0.5
 24.6
 -8.7
  2.8
 -7.1
  2.9
-10.1
-13.4
 -0.5
 -3.1
 -7.8
 -8.0
-21.8
-16.5
 -7.1
  0.7
 -9.2
 -8.0
 -6.1
 -0.4
  6.7
 -7.8
-10.5
 -4.9
  8.1
 17.3
-18.3
 -9.0
-23.3
-12.9
 -4.0
-13.0
 -7.1
 -0.1
 -2.4
  8.3
 -2.6
  4.7
-11.4
 -8.2
  9.8
 -6.6
 -8.6
 -9.5
-13.5
 -0.2
 -6.2
 -9.2
 -4.8
 25.7
 16.3
  8.6
 -5.1
 -7.0
 21.3
 11.0
 11.3
  4.5
 -4.7
 14.4
  6.9
  8.8
 -6.7
 17.9
 17.5
 13.2
  7.2
 -0.7
  0.6
  2.4
 10.6
 -7.4
-27.2
 -7.0
-13.9
-11.6
 -2.7
-11.4
 -7.2
-17.6
-23.2
-18.3
-43.2
-31.6
-31.1
-61.8
-47.9
-66.9
-58.9
-59.7
-75.7
-76.0
-84.9
-87.0
-71.8
-79.7
-91.0
-98.1
-88.3
-107.4
-100.8
-106.1
-101.3
-109.9
-126.0
-106.3
-136.6
-107.7
-123.4
-122.1
-129.2
-135.9
-131.1
-110.9
-100.9
-100.1
-93.8
-80.5
-79.3
-89.0
-94.9
-96.4
-79.9
-65.4
-65.6
-53.5
-73.5
-35.0
-55.5
-38.2
-29.9
-17.9
-14.6
-19.9
-23.6
-40.8
-23.9
-10.6
-25.1
 15.4
  2.9
 -9.0
 23.8
 16.1
 15.4
  2.4
 21.2
 37.3
 40.2
 52.9
 43.8
 63.4
 64.3
 69.9
 68.0
 62.3
 78.5
 88.1
 65.1
 69.5
 48.1
 20.1
 24.1
-14.3
-35.1
-71.2
-104.3
-137.0
-166.6
-172.7
-190.7
-179.8
-171.4
-132.9
-121.8
-79.9
-64.7
-16.9
 16.1
 58.7
 96.0
135.2
177.9
188.6
224.0
  6.1
 40.2
 27.7
 55.2
 49.3
 83.8
127.9
117.9
156.6
146.2
170.5
196.3
186.8
223.2
230.0
238.5
242.3
237.1
239.1
239.5
240.0
256.7
245.1
249.8
235.2
214.9
237.6
202.0
193.7
188.9
170.3
193.8
166.1
143.7
169.8
142.6
147.5
134.3
165.2
151.7
132.9
136.7
131.2
134.0
125.7
125.8
122.1
111.6
129.4
147.1
127.3
125.8
131.0
122.2
109.4
109.0
117.2
 85.2
107.0
107.2
103.5
103.6
 74.1
 72.2
 83.1
 66.5
 59.5
 45.9
 60.6
 46.2
 37.6
 27.4
 15.7
 28.6
 26.8
 32.1
 20.2
  9.0
 20.4
 21.3
  3.8
 -1.3
 -2.4
 15.8
  0.1
 -3.9
  0.1
  9.7
 44.8
 36.7
 30.2
  1.2
  8.1
  9.8
  6.1
 13.3
 -8.3
  0.4
  6.4
 -2.3
  1.0
 -5.5
 24.2
  9.2
 10.5
  5.0
  0.3
  0.0
 -3.8
-15.8
-12.9
-11.2
 -2.4
  2.7
 -6.2
 -2.7
 -0.5
 -3.8
  1.9
 -5.0
-19.9
-11.7
  1.8
 -2.1
 -5.8
 -2.5
-10.3
-25.6
 -7.7
-12.7
 -7.5
 -7.9
 14.9
 -5.1
  2.8
  0.3
 -2.2
 20.7
  7.9
  2.7
 -1.4
  4.4
  6.1
-10.4
 -8.1
-14.5
-45.1
-30.2
-51.9
-35.2
-26.4
-44.3
-37.1
-52.8
-54.1
-58.3
-43.8
-49.5
-53.3
-30.8
-34.1
 -9.1
-21.9
-15.1
 -9.0
 -9.6
  1.8
 -4.3
 23.3
 -1.0
 -6.1
  5.5
 -2.4
  5.1
 11.1
  8.5
 41.1
 38.2
 39.8
 43.0
 59.3
 64.8
 54.1
 54.2
 58.9
 59.1
 73.3
 72.7
 54.1
 50.1
 70.1
 69.8
 61.0
 53.7
 50.2
 74.4
 68.9
 55.7
 49.3
 48.5
 43.4
 54.8
 47.0
 35.0
 30.8
 44.5
 28.0
 32.3
  4.7
-14.6
 21.7
-10.6
-15.7
-17.5
-22.5
-17.0
-13.5
-30.0
-50.0
-72.6
-29.7
-53.4
-52.0
-64.8
-65.5
-35.3
-58.7
-56.4
-75.9
-74.1
-51.8
-71.4
-72.5
-82.1
-82.7
-75.6
-82.3
-74.6
-115.6
-97.2
-90.5
-95.0
-99.1
-128.4
-126.7
-128.5
-145.5
-140.4
-146.9
-180.4
-157.0
-188.7
-191.2
-198.5
-209.4
-219.9
 12.6
 25.3
 -1.2
 57.9
 22.3
 42.6
 22.5
 19.2
 66.6
 42.2
 49.9
 48.5
 54.6
 99.0
 65.9
 92.7
 96.3
105.2
126.5
127.1
153.5
155.6
142.7
183.2
154.7
174.8
160.2
138.7
170.0
140.6
136.8
104.5
 57.2
 56.7
 38.4
 13.6
-10.0
-56.3
-63.3
-80.2
-74.0
-95.7
-126.1
-115.7
-124.5
-101.1
-94.0
-126.5
-87.2
-107.4
-69.7
-58.2
-78.0
-68.3
-57.3
-30.4
-25.9
-47.7
-35.1
 -8.3
 -7.1
-23.5
-38.2
-34.0
-27.0
 -0.7
-31.6
-56.5
-67.8
-59.6
-62.1
-91.3
-120.5
-103.2
-126.4
-69.8
-58.5
-59.2
-28.4
-36.4
-60.4
-118.9
-168.5
-100.5
-29.4
 85.9
173.8
144.8
 27.1
-132.1
-234.6
-146.4
 12.5
216.0
285.0
258.1
230.1
273.2
300.3
258.1
206.8
158.1
218.0
337.6
361.7
336.0
248.7
260.0
277.2
237.5
185.5
 91.0
 83.2
162.2
240.0
236.7
182.4
 71.6
 42.4
107.8
181.6
182.6
200.0
242.0
262.0
220.0
245.0
235.7
246.4
239.2
208.0
162.9
 76.7
-17.3
-114.4
-204.0
-285.7
-356.8
-404.2
-434.2
-412.5
-408.3
-362.6
-253.2
-92.3
 74.8
232.3
257.0
141.9
-41.7
-186.1
-172.6
-71.0
  2.2
-59.6
-259.9
-430.5
-517.5
-457.5
-295.2
-105.4
 80.9
126.2
 77.1
-56.3
-228.0
-292.1
-334.2
-407.7
-505.8
-551.0
-541.3
-404.1
-300.3
-289.7
-363.5
-425.8
-343.7
-203.4
-110.7
-70.5
-84.1
-76.1
-121.1
-247.9
-448.2
-565.8
-614.2
-601.0
-558.4
-483.3
-350.0
-264.4
-176.9
-90.1
-23.1
 42.4
134.4
211.3
322.4
390.8
482.4
530.2
534.3
573.7
541.2
532.7
550.7
561.7
575.9
603.3
623.2
646.5
650.3
642.5
652.9
643.7
676.2
673.9
660.0
702.0
710.1
749.9
780.5
779.8
784.0
775.5
751.0
677.3
647.9
550.3
451.1
369.8
262.7
174.1
 55.0
-25.1
-104.3
-252.4
-321.8
-419.7
-479.4
-531.0
-578.5
-585.8
-599.6
-611.6
-596.7
-611.9
-590.7
-561.7
-538.8
-439.3
-387.8
-271.2
-156.5
798.2
901.6
884.1
709.6
552.1
351.4
108.4
-147.0
-355.1
-427.4
-392.6
-308.3
-186.0
-114.4
-17.9
 49.7
130.6
227.9
250.0
219.5
 49.3
-177.6
-372.1
-521.0
-543.5
-567.7
-538.9
-410.6
-220.9
-16.6
151.6
293.1
414.3
500.6
580.0
558.9
537.8
529.1
504.4
515.5
466.6
415.3
371.2
265.8
157.7
-13.6
-185.7
-311.4
-421.2
-440.6
-468.4
-386.8
-276.0
-179.2
-107.1
-134.1
-139.1
-157.5
-186.6
-171.9
-191.2
-177.4
-124.3
-56.1
  3.6
-11.3
-11.3
 96.6
163.3
194.4
164.9
151.1
314.3
455.4
451.2
142.5
-288.3
-272.4
196.9
613.1
458.7
-160.9
-528.0
-438.9
-109.7
 81.5
-40.1
-331.7
-264.2
 62.5
 31.5
-244.2
-171.6
164.5
137.3
-166.3
-174.5
-11.6
-287.3
-712.3
-827.5
-671.7
-270.2
159.1
 37.6
-277.5
-219.9
114.2
156.8
-138.8
-204.1
129.2
372.0
217.9
-123.8
-480.2
-597.3
-622.4
-700.6
-641.1
-513.7
-243.4
-82.0
-50.3
-73.7
-79.0
-52.5
 15.5
 30.9
 40.4
 35.6
133.0
223.9
259.8
299.2
332.6
408.3
484.1
515.9
545.8
559.3
609.9
649.7
658.1
636.6
625.3
645.5
668.0
663.0
650.7
637.3
620.0
609.5
614.5
555.2
508.6
466.8
401.4
368.1
271.7
159.9
 61.4
-55.5
-125.4
-197.8
-281.2
-316.9
-325.2
-271.6
-241.9
-202.9
-141.4
-73.5
 11.7
 89.8
134.8
157.3
199.4
262.0
314.6
324.4
291.8
272.4
233.2
163.4
 57.0
-81.6
-157.2
-173.5
-121.9
-58.8
 47.6
210.6
390.0
549.8
625.7
635.7
582.7
485.4
321.3
 72.1
-204.0
-442.7
-602.4
-653.7
-673.0
-702.0
-697.4
-667.9
-560.5
-455.2
-319.6
-220.1
-108.2
 -7.3
  9.2
 31.8
 24.0
 23.4
  6.8
-33.8
-62.3
-127.0
-179.3
-144.2
-203.5
-256.0
-299.2
-299.2
-298.7
-330.0
-333.6
-366.1
-359.0
-309.1
-323.3
-294.1
-322.4
-292.6
-229.1
-213.7
-185.2
-169.1
-150.8
-90.9
-54.3
 10.6
 14.9
 61.6
147.9
163.5
229.2
258.5
263.8
337.6
339.7
-231.3
-215.6
-208.8
-240.5
-226.3
-184.6
-175.5
-145.1
-181.7
-160.3
-118.1
-107.3
-66.8
-92.8
-101.6
-62.3
-49.5
-22.3
-59.7
-58.6
-27.3
-20.2
  3.0
-12.6
-11.9
 29.6
 36.5
 55.5
 41.8
 28.5
 61.9
 98.9
115.8
103.7
107.4
125.5
147.1
126.4
117.4
 98.8
 88.7
 83.3
 62.5
 46.7
  6.2
-19.3
-29.1
-65.6
-107.7
-142.8
-164.2
-176.3
-206.3
-221.1
-252.0
-292.7
-315.8
-341.4
-374.7
-430.6
-476.4
-505.6
-544.0
-574.1
-609.6
-634.7
-639.0
-635.6
-604.6
-603.6
-585.8
-531.8
-479.6
-383.2
-283.8
-206.8
-128.0
-77.1
  4.2
 38.0
 32.2
 42.1
 35.2
 32.9
 49.5
 27.7
 39.1
 47.6
 82.9
136.4
155.4
188.5
198.2
225.8
219.0
159.3
143.1
115.0
117.5
143.0
143.4
191.3
231.0
333.5
409.7
467.2
559.1
614.8
686.9
722.5
693.6
706.6
655.1
648.8
595.5
502.5
451.1
382.7
324.9
281.9
225.8
180.3
145.0
116.9
 71.9
 -8.5
-91.0
-205.2
-327.0
-444.2
-589.3
-661.7
-728.8
-749.7
-731.6
-765.7
-758.2
-754.2
-714.0
-634.6
-500.9
-275.4
-22.4
213.9
383.5
457.3
458.5
370.3
240.6
 47.7
-262.7
-512.7
-617.5
-646.6
-592.1
-463.1
-162.4
180.3
498.1
714.4
844.3
830.5
736.8
631.0
521.8
435.0
333.4
270.3
227.9
162.1
121.1
 47.4
 -2.0
-42.3
-99.2
-134.7
-153.8
-196.4
-198.5
-216.9
-203.2
-207.2
-209.7
-179.8
-162.8
-104.8
-67.4
-37.9
 -4.1
 34.9
 57.9
 85.8
 75.1
 52.7
 26.1
-13.6
-60.9
-103.8
-153.3
-217.1
-210.4
-214.6
-219.6
-212.8
-231.1
-215.3
-206.5
-253.4
-272.1
-327.5
-348.2
-368.0
-403.3
-407.6
-422.0
-408.7
-356.1
-287.7
-207.0
-120.6
-23.0
 50.0
106.1
163.4
160.0
167.8
181.9
185.0
191.1
176.5
162.7
172.3
147.4
167.1
178.1
228.7
306.1
329.9
394.6
382.6
370.5
309.5
155.8
 62.7
-138.6
-322.9
-481.9
-609.7
-659.0
-679.7
-689.4
-670.3
-594.7
-449.8
-262.6
-42.6
-99.0
-68.3
-132.0
-134.2
-146.6
-211.0
-167.9
-191.9
-193.2
-142.7
-161.9
-98.9
-82.5
-59.3
-24.4
-15.6
 44.9
 69.0
112.5
176.1
156.6
199.4
206.9
214.2
232.9
173.0
178.8
136.6
 91.3
 56.2
-18.1
-40.9
-95.3
-161.7
-198.3
-284.0
-265.8
-273.1
-309.1
-276.1
-282.1
-216.9
-184.6
-158.8
-94.0
-76.4
-33.3
  1.7
 21.3
 35.7
 46.4
 33.2
 37.4
 27.4
-10.7
-56.7
-118.6
-163.0
-195.7
-245.1
-253.6
-214.1
-165.1
-97.4
-38.9
 43.1
103.4
157.1
268.9
307.7
409.7
508.6
591.4
693.2
717.1
780.6
768.0
715.4
673.4
517.8
377.4
200.0
  2.3
-150.7
-332.5
-450.9
-525.9
-595.5
-591.5
-615.5
-599.4
-587.9
-570.8
-525.5
-479.0
-423.1
-323.6
-237.4
-129.5
-16.7
 73.0
175.4
228.6
271.1
284.1
289.5
261.9
225.8
163.1
114.2
 62.3
 14.8
-32.2
-76.3
-98.4
-138.3
-147.7
-173.6
-150.7
-159.6
-141.9
-131.4
-143.3
-128.1
-132.4
-85.8
-61.2
-84.9
-64.9
-49.9
-41.4
-13.6
-57.8
-50.9
-69.4
-44.5
-34.9
-57.7
-35.2
-64.3
-39.4
-47.2
-31.7
-59.5
-72.7
-42.7
-52.6
-56.3
-70.3
-71.0
-47.7
-60.8
-71.2
-82.9
-75.6
-63.5
-72.7
-79.3
-92.0
-84.6
-86.5
-112.9
-79.7
-115.1
-76.3
-82.8
-87.7
-71.4
-80.3
-37.2
-27.3
-17.0
 14.1
 21.1
 55.3
 84.2
 67.5
116.8
122.2
124.5
144.0
125.0
152.8
141.3
135.0
143.5
 98.3
101.3
 69.9
 43.7
 25.7
-20.5
-28.0
-63.2
-93.8
-110.5
-153.9
-176.6
-197.0
-217.3
-201.2
-225.4
-192.7
-135.4
-120.7
-27.6
 51.3
163.1
232.7
266.2
245.9
147.2
 61.6
-30.2
-160.8
-181.0
-154.8
-22.8
155.0
287.0
353.6
305.7
116.0
-129.2
-381.6
-482.3
-405.0
-21.6
501.6
806.3
772.9
256.4
-486.7
-716.2
-675.6
-395.5
105.1
454.5
673.4
738.3
581.1
112.6
-412.3
-530.0
-109.0
667.0
1028.7
1057.0
692.3
161.9
  6.9
157.4
307.5
245.7
 24.9
-19.1
